%YAML:1.0
---
camera_matrix: !!opencv-matrix
   rows: 3
   cols: 3
   dt: d
   data: [ 2.4618620485486494e+02, 0., 3.1344983914765226e+02, 0.,
       2.4668971720229962e+02, 2.2111693377962490e+02, 0., 0., 1. ]
new_camera_matrix: !!opencv-matrix
   rows: 3
   cols: 3
   dt: d
   data: [ 2.4618620485486494e+02, 0., 8.8157790000000000e+02, 0.,
       2.4668971720229962e+02, 3.2246210000000002e+02, 0., 0., 1. ]
dist_coeffs: !!opencv-matrix
   rows: 4
   cols: 1
   dt: d
   data: [ -3.5325017834275232e-02, -6.2190845779479722e-03,
       -2.8674406707165242e-03, 2.6790650989273277e-03 ]
project_matrix: !!opencv-matrix
   rows: 3
   cols: 3
   dt: d
   data: [ -9.2200057191607354e-01, -6.5631058510509330e+00,
       1.4843949049781593e+03, 2.4170770963058916e-01,
       -7.1018167024621661e+00, 1.4077437040612613e+03,
       2.9766652573093750e-04, -7.1934305980711662e-03, 1. ]
scale_xy: !!opencv-matrix
   rows: 2
   cols: 1
   dt: f
   data: [ 8.00000012e-01, 1. ]
shift_xy: !!opencv-matrix
   rows: 2
   cols: 1
   dt: f
   data: [ 0., 0. ]
align_project_matrix: !!opencv-matrix
   rows: 3
   cols: 3
   dt: f
   data: [ 1.36508143e+00, 9.27581906e-01, -1.98485458e+02,
       8.15732479e-02, 1.61400235e+00, -7.86281357e+01, 1.51159911e-04,
       9.89961787e-04, 1. ]
spherical_camera_matrix: !!opencv-matrix
   rows: 3
   cols: 3
   dt: f
   data: [ 246., 0., 900., 0., 246., 350., 0., 0., 1. ]
