%YAML:1.0
---
camera_matrix: !!opencv-matrix
   rows: 3
   cols: 3
   dt: d
   data: [ 2.4618620485486494e+02, 0., 3.1344983914765226e+02, 0.,
       2.4668971720229962e+02, 2.2111693377962490e+02, 0., 0., 1. ]
new_camera_matrix: !!opencv-matrix
   rows: 3
   cols: 3
   dt: d
   data: [ 2.4618620485486494e+02, 0., 8.8157790000000000e+02, 0.,
       2.4668971720229962e+02, 3.2246210000000002e+02, 0., 0., 1. ]
dist_coeffs: !!opencv-matrix
   rows: 4
   cols: 1
   dt: d
   data: [ -3.5325017834275232e-02, -6.2190845779479722e-03,
       -2.8674406707165242e-03, 2.6790650989273277e-03 ]
project_matrix: !!opencv-matrix
   rows: 3
   cols: 3
   dt: d
   data: [ -8.5514489308163932e-01, -3.7973961558304827e+00,
       9.8930677936120480e+02, -4.2753201286420534e-01,
       -3.8833607694951358e+00, 9.3735256546036840e+02,
       -5.1355296643976699e-04, -4.5177998494505267e-03, 1. ]
scale_xy: !!opencv-matrix
   rows: 2
   cols: 1
   dt: f
   data: [ 6.99999988e-01, 8.00000012e-01 ]
shift_xy: !!opencv-matrix
   rows: 2
   cols: 1
   dt: f
   data: [ 0., 0. ]
align_project_matrix: !!opencv-matrix
   rows: 3
   cols: 3
   dt: f
   data: [ 8.10759604e-01, 4.71645564e-01, 1.14923286e+02,
       -4.40014973e-02, 1.07430601e+00, 6.51893845e+01, -6.86865096e-05,
       4.80583141e-04, 1. ]
spherical_camera_matrix: !!opencv-matrix
   rows: 3
   cols: 3
   dt: f
   data: [ 246., 0., 900., 0., 246., 350., 0., 0., 1. ]
