%YAML:1.0
---
camera_matrix: !!opencv-matrix
   rows: 3
   cols: 3
   dt: d
   data: [ 2.4618620485486494e+02, 0., 3.1344983914765226e+02, 0.,
       2.4668971720229962e+02, 2.2111693377962490e+02, 0., 0., 1. ]
new_camera_matrix: !!opencv-matrix
   rows: 3
   cols: 3
   dt: d
   data: [ 2.4618620485486494e+02, 0., 8.8157790000000000e+02, 0.,
       2.4668971720229962e+02, 3.2246210000000002e+02, 0., 0., 1. ]
dist_coeffs: !!opencv-matrix
   rows: 4
   cols: 1
   dt: d
   data: [ -3.5325017834275232e-02, -6.2190845779479722e-03,
       -2.8674406707165242e-03, 2.6790650989273277e-03 ]
project_matrix: !!opencv-matrix
   rows: 3
   cols: 3
   dt: d
   data: [ -2.3065872391996649e+01, -8.7654099725380519e+01,
       1.6791319182437644e+04, -4.8645702432943100e-01,
       -6.7466669110221773e+01, 6.6216595937590391e+03,
       1.3375696034614310e-03, -7.3887554993830803e-02, 1. ]
scale_xy: !!opencv-matrix
   rows: 2
   cols: 1
   dt: f
   data: [ 4.00000006e-01, 8.00000012e-01 ]
shift_xy: !!opencv-matrix
   rows: 2
   cols: 1
   dt: f
   data: [ 0., 0. ]
align_project_matrix: !!opencv-matrix
   rows: 3
   cols: 3
   dt: f
   data: [ 1.15438056e+00, 2.79746771e-01, -1.40731888e+02,
       -1.96719565e-03, 1.23860288e+00, -3.67393036e+01, 4.26548286e-06,
       2.12786690e-04, 1. ]
spherical_camera_matrix: !!opencv-matrix
   rows: 3
   cols: 3
   dt: f
   data: [ 246., 0., 900., 0., 246., 350., 0., 0., 1. ]
