%YAML:1.0
---
camera_matrix: !!opencv-matrix
   rows: 3
   cols: 3
   dt: d
   data: [ 2.4618620485486494e+02, 0., 3.1344983914765226e+02, 0.,
       2.4668971720229962e+02, 2.2111693377962490e+02, 0., 0., 1. ]
new_camera_matrix: !!opencv-matrix
   rows: 3
   cols: 3
   dt: d
   data: [ 2.4618620485486494e+02, 0., 8.8157790000000000e+02, 0.,
       2.4668971720229962e+02, 3.2246210000000002e+02, 0., 0., 1. ]
dist_coeffs: !!opencv-matrix
   rows: 4
   cols: 1
   dt: d
   data: [ -3.5325017834275232e-02, -6.2190845779479722e-03,
       -2.8674406707165242e-03, 2.6790650989273277e-03 ]
project_matrix: !!opencv-matrix
   rows: 3
   cols: 3
   dt: d
   data: [ 3.3381204529832891e+00, 1.1437615244216881e+01,
       -1.0958401814598619e+03, -9.7182473740879749e-01,
       1.0586784177180370e+01, 2.6921658595980926e+01,
       -1.2260715116338191e-03, 1.1627626996288732e-02, 1. ]
scale_xy: !!opencv-matrix
   rows: 2
   cols: 1
   dt: f
   data: [ 4.00000006e-01, 1. ]
shift_xy: !!opencv-matrix
   rows: 2
   cols: 1
   dt: f
   data: [ 0., 0. ]
align_project_matrix: !!opencv-matrix
   rows: 3
   cols: 3
   dt: f
   data: [ 9.60446477e-01, -1.01810925e-01, 8.07907562e+01,
       2.89636347e-02, 9.31682110e-01, 7.36322880e+00, 1.15867060e-05,
       -1.08874345e-04, 1. ]
spherical_camera_matrix: !!opencv-matrix
   rows: 3
   cols: 3
   dt: f
   data: [ 246., 0., 900., 0., 246., 350., 0., 0., 1. ]
